99648084
752007337
1148575206
889061008
-999275257
-276942714
1923104189
877036118
-606371675
-2109170527
-173074097
-1862347368
1161951200
-1371489172
1426456901
-2091983424
1250640842
1555786836
-1937485040
-802552049
-1866758830
474877911
2033547441
-40950639
-1825876342
1239862502
-1376209850
886505291
1623285686
830025125
1770223801
1909883418
843670156
-680133738
963750321
-1541662313
-1409127642
1450671525
1466985943
1131816655
-1457232493
894399465
-782405718
297544384
-1406893727
-41809778
-1723724377
-742614547
-1764841144
1837121063
79041156
-1532557490
946648393
1767015589
295651180
511523195
-391886685
-84703488
1074488426
-2130690790
673682602
-601136796
-646846289
-1311697972
-1132432751
593687799
558516724
-1281968091
-1239191978
-59511604
-744255367
-1434198613
-1679506112
1743415245
-1513412032
1507329098
1288188846
1254063407
-1436932411
1544586741
-1966288992
589213707
-952263375
226687792
985539104
1995714721
-1694817453
925366082
-1664380926
1620651441
708396
1952930805
-1322575812
-1349242437
564097930
485188280
1339210919
2107721876
1573950
3771
