none
none
none
-806218110
1875324970
-2123249994
563484169
-142757918
366460717
1538542964
384358913
-443991293
1304750483
321360284
1402907106
-290788926
1003444631
-1669106416
1887029908
-738711804
1948854670
1417000500
-2038751535
1108176427
1979926905
-539310607
1689191004
-990948820
-1129965297
1117333903
533016384
1216599340
-2041688208
2027441905
995741198
-664451986
39676805
-613636586
-2117230201
-810009732
-1536046527
-1470450090
-417341229
2134638064
1360600071
-1114759871
454674919
-1257267192
-900413662
1993350361
1178549
358830059
-1202856334
-1153559709
-132824659
497424232
-2053891384
1496488628
436758205
1575739008
-1958274744
1124692159
708456544
1712110180
-652217204
1574024508
2084860400
-487173304
2011584946
440087672
-1228396488
446147226
749606978
902391068
-1554064538
-1616909089
-690498794
-2104388922
-2034851130
-1160878888
1206708198
818990458
236781038
-35297043
-1969436095
-1933540618
246082084
-2121774690
1438539199
-266548267
-1901961443
-705091787
-879554529
963062379
-423179105
-1390858543
1316177605
2107683352
1572029
3572
