none                                                                                                                                                                                                                                                                                                                                                                                                                                                                                                                               1945647023
1789168737
-1819910926
1845088769
1836848740
-542449876
-1337279173
-1921020654
1174380918
635353593
-1139540755
-1129408830
1214976556
-779932943
-1887574088
-1938309109
-810681396
1993695518
1899549034
-788346731
-1641840901
938162060
1806920028
720470675
-1850768508
-267986764
565721028
1457872783
460961412
1334654369
1453921679
1369386627
-392773843
1134032814
-1538617653
-1315158040
530828653
-244750956
-951422808
1094284914
973887345
813648111
-1986505798
306503988
-2024372654
1239184657
-1318563074
-213657593
484533095
1339209989
2107721786
1573923
3765
